City,Latitude,Longitude,Temperature,Temperature(Minimum),Temperature(Maximum),Humidity,Cloudy,Wind Speed(mph),Country(Code),Date
Mar del Plata,-38,-57.56,283.05,282.15,284.26,100,20,2.6,AR,1602477679
Marshall,34.38,-86.33,293.41,292.59,294.26,100,75,1.5,US,1602477820
Husavik,66.04,-17.34,275.15,275.15,275.15,100,90,1,IS,1602477860
Ketchikan,55.34,-131.65,279.15,279.15,279.15,100,40,1.57,US,1602477861
Oxford,51.75,-1.26,279.87,279.15,280.37,100,99,0.5,GB,1602477812
Haselünne,52.67,7.48,278.5,277.59,279.82,100,75,2.88,DE,1602477867
Haftoni,38.76,48.76,285.15,285.15,285.15,100,35,1.36,AZ,1602477870
Mayo,38.89,-76.51,291.34,290.93,292.04,100,90,3.6,US,1602477895
Skellefteå,64.75,20.95,277.08,277.04,277.15,100,20,1,SE,1602477903
Cayenne,4.93,-52.33,296.15,296.15,296.15,100,20,0.5,GF,1602477914
Östersund,63.18,14.64,277.15,277.15,277.15,100,100,3.6,SE,1602477916
Vardø,70.37,31.11,279.15,279.15,279.15,100,75,3.1,NO,1602477917
North Bend,43.41,-124.22,289.67,289.15,290.37,100,90,7.7,US,1602477942
Kaduy,59.2,37.15,277.15,277.15,277.15,100,20,1,RU,1602477946
Minsk,53.9,27.57,285.15,285.15,285.15,100,75,3,BY,1602477963
Berlevåg,70.86,29.09,277.15,277.15,277.15,100,75,4.1,NO,1602477971
Amboise,47.41,0.98,278.15,278.15,278.15,100,0,2.1,FR,1602477973
Campbell River,50.02,-125.24,280.01,279.82,280.15,100,75,3.1,CA,1602477904
Mehamn,71.04,27.85,277.15,277.15,277.15,100,75,4.1,NO,1602478000
Uusikaupunki,60.8,21.41,280.15,280.15,280.15,100,75,2.6,FI,1602478007
Edgewater,28.99,-80.9,296.69,296.48,297.15,100,1,2.1,US,1602478023
Acajutla,13.59,-89.83,294.82,294.82,294.82,100,96,1.81,SV,1602478034
